layout: 
  dim: 
    - 
      label: "rows"
      size: 9
      stride: 81
    - 
      label: "cols"
      size: 9
      stride: 9
  data_offset: 0
data: [0.0, 1.0, 0.0, 0.0, 0.0, 0.0, 0.0, 0.0, 0.0, -1.0, 0.0, 1.0, 0.0, 0.0, 0.0, 0.5, 0.0, 2.2360680103302, 0.0, -1.0, 0.0, 1.4142135381698608, 0.0, 0.0, 0.0, 0.0, 0.0, 0.0, 0.0, -1.4142135381698608, 0.0, 1.0, 1.4142135381698608, 0.0, 0.0, 0.0, 0.0, 0.0, 0.0, -1.0, 0.0, 0.0, 0.0, 0.0, 0.0, 0.0, 0.0, 0.0, -1.4142135381698608, 0.0, 0.0, 0.0, 0.0, 0.0, 0.0, -0.5, 0.0, 0.0, 0.0, 0.0, 0.0, 1.8027756214141846, 0.0, 0.0, 0.0, 0.0, 0.0, 0.0, 0.0, -1.8027756214141846, 0.0, 0.0, 0.0, -2.2360680103302, 0.0, 0.0, 0.0, 0.0, 0.0, 0.0, 0.0]